20151 110190
20151 130186
20151 130190
20151 080066
20151 080077
20151 102474
20151 112177
20151 112180
20151 011530
20151 011691
20151 011695
20151 101538
20151 090041
20151 021711
20151 031690
20151 091561
20151 110020
20151 110043
20151 031728
20151 041707
20151 051715
20151 031526
20151 031885
20151 051708
20151 102506
20151 130084
20151 081726
20151 081732
20151 271586
20151 071754
20151 042401
20151 091772
20151 031797
20151 030014
20151 030035
20151 060014
20151 080015
20151 111715
20151 050013
20151 071751
20151 060005
20151 060012
20151 010009
20151 010012
20151 010051
20151 122125
20151 112229
20151 042287
20151 130184
20151 012538
20151 051907
20151 100059
20151 091549
20151 042349
20151 120019
20151 082598
20151 031707
20151 082774
20151 043508
20151 051464
20151 031464
20151 131144
20151 092927
20151 022962
20151 060009
20151 010048
20151 091136
20151 103771
20151 122850
20151 102886
20151 041600
20151 042347
20151 093307
20151 103288
20151 091771
20151 122810
20151 042816
20151 042820
20151 103286
20151 023292
20151 131991
20151 082610
20151 131219
20151 091477
20151 031463
20151 131146
20151 062574
20151 073450
20151 111248
20151 131245
20151 094319
20151 034317
20151 044158
20151 091553
20151 092123
20151 130198
20151 130199
20151 100007
20151 100012
20151 100013
20151 100023
20151 021730
20151 111533
20151 131533
20151 110007
20151 110037
20151 120001
20151 120015
20151 120025
20151 130006
20151 130007
20151 130028
20151 112251
20151 042305
20151 042306
20151 081722
20151 081729
20151 022081
20151 271749
20151 272422
20151 102564
20151 051526
20151 030021
20151 031807
20151 031967
20151 060015
20151 070008
20151 032430
20151 082331
20151 050029
20151 271705
20151 010064
20151 112246
20151 102472
20151 021707
20151 080172
20151 050175
20151 090056
20151 012535
20151 110177
20151 110044
20151 130016
20151 130051
20151 041367
20151 102464
20151 012521
20151 122791
20151 102739
20151 102746
20151 091467
20151 012989
20151 011465
20151 021465
20151 133107
20151 042390
20151 131150
20151 022957
20151 091155
20151 101214
20151 102881
20151 102887
20151 013397
20151 112240
20151 031247
20151 042917
20151 042298
20151 132078
20151 131503
20151 042286
20151 042294
20151 082621
20151 113195
20151 091988
20151 022082
20151 043295
20151 042366
20151 023316
20151 061214
20151 111341
20151 041244
20151 103836
20151 043964
20151 043873
20151 043858
20151 054332
20151 104303
20151 124331
20151 092057
20151 100020
20151 021692
20151 110048
20151 041724
20151 041746
20151 051690
20151 051697
20151 091711
20151 031531
20151 101714
20151 101724
20151 042129
20151 102561
20151 112186
20151 031796
20151 020015
20151 092054
20151 030045
20151 040013
20151 271694
20151 060021
20151 060023
20151 060026
20151 271713
20151 112257
20151 131694
20151 131702
20151 080043
20151 050028
20151 010003
20151 010025
20151 010049
20151 010065
20151 032278
20151 092121
20151 042367
20151 101734
20151 032660
20151 102718
20151 040038
20151 133102
20151 113453
20151 081324
20151 031476
20151 041468
20151 080042
20151 131128
20151 131135
20151 133143
20151 050030
20151 010029
20151 083711
20151 121784
20151 131217
20151 132132
20151 112258
20151 093281
20151 092062
20151 082609
20151 113182
20151 131214
20151 131463
20151 021251
20151 031466
20151 051249
20151 131248
20151 133919
20151 094296
20151 104299
20151 112226
20151 092053
20151 092070
20151 041725
20151 130174
20151 080061
20151 112179
20151 021694
20151 121525
20151 100082
20151 110010
20151 041698
20151 091691
20151 092050
20151 101701
20151 101705
20151 101713
20151 101715
20151 081706
20151 130206
20151 012558
20151 102562
20151 121526
20151 271525
20151 010102
20151 031812
20151 092024
20151 040061
20151 060022
20151 080001
20151 080003
20151 080035
20151 121699
20151 050003
20151 050005
20151 050023
20151 110215
20151 271700
20151 271704
20151 091542
20151 010001
20151 010033
20151 102468
20151 021696
20151 021700
20151 051900
20151 090032
20151 100070
20151 112207
20151 012499
20151 021735
20151 070168
20151 090201
20151 110055
20151 110065
20151 061314
20151 111378
20151 082658
20151 122698
20151 020020
20151 020028
20151 051463
20151 081466
20151 081471
20151 111471
20151 131464
20151 051354
20151 040086
20151 050011
20151 050022
20151 060011
20151 012994
20151 103759
20151 031656
20151 031821
20151 092064
20151 091228
20151 131231
20151 041302
20151 031261
20151 101244
20151 132915
20151 041124
20151 102888
20151 101130
20151 042297
20151 043154
20151 023222
20151 043247
20151 103209
20151 031966
20151 082814
20151 092025
20151 051943
20151 042783
20151 080865
20151 031473
20151 042283
20151 133887
20151 133802
20151 134293
20151 054333
20151 074310
20151 054330
20151 094295
20151 042293
20151 092067
20151 090034
20151 040401
20151 021705
20151 021715
20151 031691
20151 041697
20151 130012
20151 130036
20151 051693
20151 051695
20151 130087
20151 130131
20151 101729
20151 081723
20151 091706
20151 101663
20151 091755
20151 012497
20151 082326
20151 031802
20151 020008
20151 020026
20151 030003
20151 131698
20151 060042
20151 112223
20151 081525
20151 111708
20151 131695
20151 042399
20151 040083
20151 271703
20151 010002
20151 010022
20151 021709
20151 010094
20151 050180
20151 032594
20151 102765
20151 113544
20151 020023
20151 122788
20151 101468
20151 080002
20151 091332
20151 031472
20151 041464
20151 133142
20151 083676
20151 012996
20151 103762
20151 031876
20151 112212
20151 011265
20151 031970
20151 031894
20151 043246
20151 113183
20151 043257
20151 062404
20151 032425
20151 101472
20151 073393
20151 131141
20151 102453
20151 091246
20151 133922
20151 093994
20151 024018
20151 014032
20151 104307
20151 134297
20151 104328
20151 104304
20151 130183
20151 080082
20151 130112
20151 190002
20151 050234
20151 021699
20151 021701
20151 021716
20151 021720
20151 131531
20151 131562
20151 041704
20151 091694
20151 010061
20151 021526
20151 051720
20151 130122
20151 081716
20151 081736
20151 130135
20151 112187
20151 112224
20151 042360
20151 020003
20151 091990
20151 030043
20151 040016
20151 040022
20151 040026
20151 040044
20151 060030
20151 060031
20151 080031
20151 080036
20151 271706
20151 111707
20151 042392
20151 112205
20151 012560
20151 102504
20151 112242
20151 102473
20151 010069
20151 031805
20151 050178
20151 110014
20151 120366
20151 090200
20151 120021
20151 133518
20151 102740
20151 102741
20151 102750
20151 111463
20151 042925
20151 080010
20151 080026
20151 021463
20151 021466
20151 133106
20151 103666
20151 131126
20151 093755
20151 050025
20151 050041
20151 101128
20151 012995
20151 031481
20151 131215
20151 112192
20151 082878
20151 041126
20151 092143
20151 050179
20151 101122
20151 112247
20151 031886
20151 111479
20151 043258
20151 103287
20151 092144
20151 132683
20151 102721
20151 042786
20151 082607
20151 122697
20151 131216
20151 091463
20151 011266
20151 041472
20151 042352
20151 134298
20151 034320
20151 134292
20151 112256
20151 011525
20151 041714
20151 090009
20151 021697
20151 021710
20151 030722
20151 110023
20151 031729
20151 120011
20151 130128
20151 101695
20151 101704
20151 101710
20151 081719
20151 091693
20151 041527
20151 031755
20151 081755
20151 091756
20151 131754
20151 052501
20151 112279
20151 031893
20151 272158
20151 022026
20151 112234
20151 112235
20151 060020
20151 080007
20151 111712
20151 081529
20151 111722
20151 032428
20151 012500
20151 010020
20151 010060
20151 102568
20151 080076
20151 080079
20151 091535
20151 031692
20151 080181
20151 130014
20151 042632
20151 032692
20151 103522
20151 012519
20151 041484
20151 051466
20151 070004
20151 031465
20151 031468
20151 133116
20151 133118
20151 092058
20151 102467
20151 041470
20151 041473
20151 041474
20151 131131
20151 102951
20151 091141
20151 091230
20151 030180
20151 091130
20151 092103
20151 091163
20151 121123
20151 132079
20151 113176
20151 093216
20151 113282
20151 101672
20151 031891
20151 032648
20151 043248
20151 093279
20151 103289
20151 033310
20151 133161
20151 042782
20151 113165
20151 020001
20151 101464
20151 041475
20151 041252
20151 043963
20151 114070
20151 103880
20151 043857
20151 064294
20151 094308
20151 092107
20151 092120
20151 041712
20151 130182
20151 080063
20151 080073
20151 112175
20151 100061
20151 041742
20151 051712
20151 031866
20151 130073
20151 101694
20151 101707
20151 081733
20151 042387
20151 102563
20151 031800
20151 020032
20151 040048
20151 121698
20151 022097
20151 092138
20151 112237
20151 070005
20151 080017
20151 050215
20151 271709
20151 121693
20151 121695
20151 102417
20151 050031
20151 271710
20151 050042
20151 010028
20151 102475
20151 021704
20151 031817
20151 121490
20151 021717
20151 102752
20151 102596
20151 040067
20151 092059
20151 272163
20151 112228
20151 041471
20151 092928
20151 013040
20151 092048
20151 091145
20151 203058
20151 082901
20151 091159
20151 101132
20151 132076
20151 113172
20151 033294
20151 093212
20151 042288
20151 102724
20151 132043
20151 051959
20151 042388
20151 082615
20151 032646
20151 091221
20151 112203
20151 031285
20151 131138
20151 131148
20151 131191
20151 133920
20150 110190
20150 130186
20150 130190
20150 080057
20150 080064
20150 102474
20150 011530
20150 011532
20150 021698
20150 021702
20150 091564
20150 110001
20150 110020
20150 110033
20150 010053
20150 010055
20150 130040
20150 051723
20150 031885
20150 051699
20150 130058
20150 091710
20150 061690
20150 081712
20150 081710
20150 081718
20150 031530
20150 271586
20150 101660
20150 101661
20150 131566
20150 010082
20150 112209
20150 102479
20150 051524
20150 271584
20150 271590
20150 031797
20150 020002
20150 020018
20150 030014
20150 040047
20150 271690
20150 060036
20150 080041
20150 071751
20150 091536
20150 050044
20150 010012
20150 010017
20150 010026
20150 010051
20150 042400
20150 102460
20150 112174
20150 091651
20150 010077
20150 130184
20150 102503
20150 062510
20150 091529
20150 050174
20150 110003
20150 101702
20150 021722
20150 032593
20150 042631
20150 101422
20150 133592
20150 091465
20150 031464
20150 133105
20150 043140
20150 100735
20150 022961
20150 012991
20150 012993
20150 031816
20150 122851
20150 102884
20150 102885
20150 042292
20150 021267
20150 051250
20150 041125
20150 091599
20150 041600
20150 091154
20150 091771
20150 043285
20150 043219
20150 132682
20150 113171
20150 091227
20150 131466
20150 031463
20150 092049
20150 021247
20150 021252
20150 021254
20150 073450
20150 042355
20150 051246
20150 111248
20150 131245
20150 092123
20150 050721
20150 130198
20150 130199
20150 011528
20150 112184
20150 011690
20150 011696
20150 101537
20150 100012
20150 021723
20150 021732
20150 271526
20150 110007
20150 110012
20150 041706
20150 120001
20150 130007
20150 130013
20150 130025
20150 101543
20150 030723
20150 081738
20150 091703
20150 092052
20150 131534
20150 131755
20150 112182
20150 112190
20150 030021
20150 060040
20150 080022
20150 121691
20150 271708
20150 091533
20150 050050
20150 042291
20150 080172
20150 080074
20150 050175
20150 050177
20150 090056
20150 091548
20150 112243
20150 021714
20150 130011
20150 130016
20150 082657
20150 063515
20150 133516
20150 102464
20150 020012
20150 102739
20150 102746
20150 093086
20150 080023
20150 133123
20150 043138
20150 092056
20150 133148
20150 010027
20150 102881
20150 012992
20150 013396
20150 123717
20150 092065
20150 031247
20150 051255
20150 022956
20150 050173
20150 041121
20150 091137
20150 023069
20150 102953
20150 033073
20150 271593
20150 091158
20150 101127
20150 092066
20150 042286
20150 042294
20150 093278
20150 031965
20150 051942
20150 092122
20150 092142
20150 102722
20150 122785
20150 023316
20150 111341
20150 011253
20150 021255
20150 031265
20150 041244
20150 041246
20150 131250
20150 133987
20150 104006
20150 093992
20150 064143
20150 271754
20150 092124
20150 021525
20150 080070
20150 012449
20150 011697
20150 090039
20150 021693
20150 021712
20150 110030
20150 031721
20150 091702
20150 110054
20150 120006
20150 051721
20150 031531
20150 091712
20150 081695
20150 081708
20150 081709
20150 081715
20150 130134
20150 130137
20150 101730
20150 271582
20150 102463
20150 112185
20150 031796
20150 020011
20150 040009
20150 040023
20150 040042
20150 051539
20150 092139
20150 060023
20150 050246
20150 112257
20150 131702
20150 050032
20150 090217
20150 131704
20150 010025
20150 010030
20150 032278
20150 011711
20150 012536
20150 091544
20150 042358
20150 102717
20150 013509
20150 102457
20150 020025
20150 040038
20150 061463
20150 121465
20150 103087
20150 060006
20150 123718
20150 121784
20150 043754
20150 011267
20150 091245
20150 041120
20150 041123
20150 023071
20150 033075
20150 063081
20150 083082
20150 253340
20150 031875
20150 061130
20150 102723
20150 031864
20150 102703
20150 043277
20150 043255
20150 032424
20150 020006
20150 082616
20150 032647
20150 131226
20150 121346
20150 051941
20150 011264
20150 031259
20150 031466
20150 093449
20150 051249
20150 071244
20150 131248
20150 133921
20150 084164
20150 112226
20150 092053
20150 031712
20150 130174
20150 012518
20150 011692
20150 011694
20150 101539
20150 101540
20150 090018
20150 021691
20150 021727
20150 021728
20150 100082
20150 130214
20150 021524
20150 041699
20150 120018
20150 041728
20150 112204
20150 130113
20150 081691
20150 081705
20150 091701
20150 112233
20150 081704
20150 132041
20150 041526
20150 091659
20150 101666
20150 011567
20150 130206
20150 012443
20150 010102
20150 020010
20150 030013
20150 031812
20150 031808
20150 121700
20150 112248
20150 060037
20150 080001
20150 080214
20150 080048
20150 050010
20150 050023
20150 090215
20150 010001
20150 010047
20150 102465
20150 130207
20150 130197
20150 132042
20150 010214
20150 111691
20150 070168
20150 090201
20150 110185
20150 011288
20150 051357
20150 102747
20150 083510
20150 043512
20150 133519
20150 020020
20150 081425
20150 101426
20150 081471
20150 103088
20150 103089
20150 081315
20150 091325
20150 091327
20150 091334
20150 133117
20150 131137
20150 131147
20150 050014
20150 091139
20150 122856
20150 031656
20150 091220
20150 041302
20150 101244
20150 041127
20150 091129
20150 091140
20150 051364
20150 102883
20150 053078
20150 083083
20150 023222
20150 093313
20150 082605
20150 221678
20150 051465
20150 131468
20150 031260
20150 041469
20150 042283
20150 051272
20150 131251
20150 124163
20150 132134
20150 042293
20150 040221
20150 050232
20150 021715
20150 021721
20150 031691
20150 121527
20150 071575
20150 081740
20150 091705
20150 130002
20150 130012
20150 130021
20150 130036
20150 031525
20150 091763
20150 130115
20150 091598
20150 101663
20150 271589
20150 131682
20150 031801
20150 031802
20150 020008
20150 020026
20150 012495
20150 122508
20150 031846
20150 040006
20150 101532
20150 132148
20150 272168
20150 060017
20150 060027
20150 080014
20150 060007
20150 060008
20150 010002
20150 010022
20150 131895
20150 102502
20150 042446
20150 112178
20150 010097
20150 012441
20150 012491
20150 010216
20150 050180
20150 100062
20150 101706
20150 091543
20150 101723
20150 050390
20150 102765
20150 113090
20150 113092
20150 080002
20150 131348
20150 041464
20150 131127
20150 131145
20150 013753
20150 050004
20150 091144
20150 091152
20150 022954
20150 111620
20150 061215
20150 082898
20150 092069
20150 041305
20150 021248
20150 050176
20150 061123
20150 111249
20150 132075
20150 083084
20150 133160
20150 101681
20150 061127
20150 031964
20150 082815
20150 122787
20150 043246
20150 133166
20150 042557
20150 081477
20150 112241
20150 042383
20150 082614
20150 082622
20150 131218
20150 031296
20150 073393
20150 051265
20150 112244
20150 112245
20150 042356
20150 092063
20150 092068
20150 011538
20150 130112
20150 190002
20150 041732
20150 041745
20150 131530
20150 110024
20150 031703
20150 120003
20150 120023
20150 081692
20150 081700
20150 081731
20150 111754
20150 131532
20150 101526
20150 031963
20150 092047
20150 030043
20150 040016
20150 040022
20150 101528
20150 110217
20150 271697
20150 082512
20150 012560
20150 060013
20150 010011
20150 010031
20150 112222
20150 042282
20150 101642
20150 010080
20150 031805
20150 050178
20150 110014
20150 120366
20150 090200
20150 043506
20150 063514
20150 133518
20150 103521
20150 020017
20150 101420
20150 032643
20150 081318
20150 101335
20150 101466
20150 093085
20150 133095
20150 273098
20150 133100
20150 111343
20150 080040
20150 043729
20150 093755
20150 050001
20150 050019
20150 010021
20150 010024
20150 010037
20150 101131
20150 031481
20150 031603
20150 061213
20150 013067
20150 042912
20150 021253
20150 041258
20150 042929
20150 061125
20150 112227
20150 050179
20150 091156
20150 091162
20150 101129
20150 093315
20150 093211
20150 111479
20150 031962
20150 042817
20150 043245
20150 042786
20150 043254
20150 042402
20150 091229
20150 131216
20150 011246
20150 091471
20150 031826
20150 031276
20150 133447
20150 101245
20150 101248
20150 084162
20150 130085
20150 130098
20150 091552
20150 011525
20150 041714
20150 021528
20150 041723
20150 130185
20150 112181
20150 011710
20150 021729
20150 031693
20150 101574
20150 110023
20150 031711
20150 120022
20150 021529
20150 041727
20150 051704
20150 130072
20150 130102
20150 101698
20150 081702
20150 081728
20150 081734
20150 101665
20150 031568
20150 052501
20150 112211
20150 051525
20150 271588
20150 020007
20150 031803
20150 051937
20150 102469
20150 131693
20150 131703
20150 271699
20150 271716
20150 111716
20150 010067
20150 112232
20150 021695
20150 090019
20150 091527
20150 201421
20150 090048
20150 091535
20150 101709
20150 021719
20150 031692
20150 080181
20150 130046
20150 063513
20150 051469
20150 111368
20150 113091
20150 133096
20150 273099
20150 060041
20150 070004
20150 031468
20150 031469
20150 092058
20150 102467
20150 131125
20150 131149
20150 121122
20150 101623
20150 021245
20150 031244
20150 030180
20150 061122
20150 051358
20150 033076
20150 053080
20150 093216
20150 123215
20150 051939
20150 082624
20150 083163
20150 112210
20150 102462
20150 022666
20150 043309
20150 131565
20150 091223
20150 101213
20150 011247
20150 101464
20150 091636
20150 031853
20150 011260
20150 131143
20150 041254
20150 041267
20150 051251
20150 051270
20150 091249
20150 121244
20150 271581
20150 111594
20150 092107
20150 271524
20150 040491
20150 110216
20150 091707
20150 041742
20150 051712
20150 051717
20150 051725
20150 130129
20150 101716
20150 081727
20150 111693
20150 101664
20150 012496
20150 051529
20150 020029
20150 020035
20150 030046
20150 040053
20150 060016
20150 060019
20150 070005
20150 060214
20150 111711
20150 121697
20150 042290
20150 080039
20150 271691
20150 271692
20150 271702
20150 050045
20150 060010
20150 271785
20150 051637
20150 091650
20150 130213
20150 031804
20150 010215
20150 010218
20150 091537
20150 091538
20150 091541
20150 021717
20150 102748
20150 102749
20150 043511
20150 133517
20150 101421
20150 030040
20150 080008
20150 043139
20150 043141
20150 080032
20150 041471
20150 131130
20150 043728
20150 100788
20150 050009
20150 013003
20150 101621
20150 101622
20150 082334
20150 013066
20150 061129
20150 091127
20150 203058
20150 013068
20150 023070
20150 082901
20150 033072
20150 071597
20150 053077
20150 053079
20150 113175
20150 083162
20150 111676
20150 031888
20150 042288
20150 103208
20150 091989
20150 103159
20150 123169
20150 131213
20150 131230
20150 031282
20150 031285
20150 082597
20150 093452
20150 112225
20150 081245
20150 081248
20150 131246
20150 104161
20141 111697
20141 110190
20141 130190
20141 080064
20141 080077
20141 112177
20141 112180
20141 011691
20141 011695
20141 101538
20141 090041
20141 021711
20141 091561
20141 110020
20141 110043
20141 031728
20141 041696
20141 041705
20141 041707
20141 120009
20141 051715
20141 031526
20141 031885
20141 130084
20141 101693
20141 081701
20141 081724
20141 071754
20141 010084
20141 130212
20141 031797
20141 030014
20141 021498
20141 030042
20141 042285
20141 060014
20141 080015
20141 040072
20141 071751
20141 091547
20141 060005
20141 060012
20141 010009
20141 112229
20141 012493
20141 091502
20141 091549
20141 120019
20141 031707
20141 051464
20141 122784
20141 091472
20141 133104
20141 133131
20141 131142
20141 131144
20141 060009
20141 010048
20141 091136
20141 101134
20141 122850
20141 051250
20141 081119
20141 091143
20141 111372
20141 090182
20141 041600
20141 042347
20141 093314
20141 103288
20141 011779
20141 103286
20141 023292
20141 131991
20141 102711
20141 102713
20141 042346
20141 043293
20141 131219
20141 071465
20141 031463
20141 131628
20141 092049
20141 131146
20141 091553
20141 092123
20141 031702
20141 130198
20141 130199
20141 112173
20141 041729
20141 100012
20141 100013
20141 031696
20141 131533
20141 100041
20141 110037
20141 120001
20141 120015
20141 120025
20141 130006
20141 130025
20141 130028
20141 130130
20141 081735
20141 271749
20141 102564
20141 051526
20141 030021
20141 132131
20141 060015
20141 070008
20141 062566
20141 050029
20141 101491
20141 271705
20141 042556
20141 010064
20141 050175
20141 080184
20141 110177
20141 130011
20141 130016
20141 041367
20141 051468
20141 091467
20141 101469
20141 012989
20141 021465
20141 131150
20141 022955
20141 112259
20141 101214
20141 041263
20141 040174
20141 050173
20141 061126
20141 102953
20141 093210
20141 091988
20141 043295
20141 023316
20141 061214
20141 042220
20141 031265
20141 041244
20141 272585
20141 130088
20141 271754
20141 092124
20141 100020
20141 021692
20141 100042
20141 041692
20141 110054
20141 041724
20141 041746
20141 051690
20141 022039
20141 051697
20141 081696
20141 130099
20141 130119
20141 091711
20141 031531
20141 091713
20141 101724
20141 081721
20141 042129
20141 102561
20141 031757
20141 062272
20141 031796
20141 020015
20141 092054
20141 030045
20141 040020
20141 040023
20141 271694
20141 060021
20141 060023
20141 060026
20141 060034
20141 271711
20141 131694
20141 080043
20141 090217
20141 010003
20141 010025
20141 010044
20141 010049
20141 010065
20141 092121
20141 090058
20141 101725
20141 101734
20141 040038
20141 060035
20141 071464
20141 133102
20141 081324
20141 031476
20141 131128
20141 131135
20141 050030
20141 010029
20141 121784
20141 131217
20141 132130
20141 132132
20141 112258
20141 061120
20141 112230
20141 090185
20141 110181
20141 112231
20141 061124
20141 061130
20141 093281
20141 092062
20141 102714
20141 012492
20141 133312
20141 131214
20141 051467
20141 131463
20141 031263
20141 031466
20141 051249
20141 131248
20141 041725
20141 130174
20141 080061
20141 011693
20141 090046
20141 021694
20141 100082
20141 110010
20141 031709
20141 041698
20141 010063
20141 012494
20141 051706
20141 101705
20141 101713
20141 101715
20141 081693
20141 081706
20141 091701
20141 041755
20141 102562
20141 271525
20141 020016
20141 092024
20141 271696
20141 040061
20141 060022
20141 080001
20141 080003
20141 080218
20141 121696
20141 121699
20141 131690
20141 050003
20141 050021
20141 050023
20141 110215
20141 271700
20141 101493
20141 271704
20141 091542
20141 010001
20141 010033
20141 102468
20141 021700
20141 010070
20141 010091
20141 130181
20141 090045
20141 112207
20141 021735
20141 070168
20141 090199
20141 110185
20141 110047
20141 110055
20141 110065
20141 061314
20141 031701
20141 020028
20141 051463
20141 042778
20141 040043
20141 081466
20141 081471
20141 091464
20141 111471
20141 131464
20141 091325
20141 051354
20141 133115
20141 133130
20141 041479
20141 050011
20141 050014
20141 050022
20141 060011
20141 031656
20141 092064
20141 091228
20141 131231
20141 041302
20141 031261
20141 101244
20141 132915
20141 041124
20141 061128
20141 091138
20141 101130
20141 023222
20141 103209
20141 082814
20141 043284
20141 092025
20141 102715
20141 102706
20141 113170
20141 080865
20141 061216
20141 031242
20141 081470
20141 131468
20141 031473
20141 112580
20141 042283
20141 031798
20141 092067
20141 130133
20141 051691
20141 040401
20141 021705
20141 041697
20141 010068
20141 130002
20141 130031
20141 012498
20141 051693
20141 051695
20141 091763
20141 130087
20141 130131
20141 101729
20141 081723
20141 081742
20141 091706
20141 131677
20141 091755
20141 082326
20141 131683
20141 031802
20141 020022
20141 030003
20141 012440
20141 091559
20141 131698
20141 132148
20141 060042
20141 112223
20141 081525
20141 111708
20141 131695
20141 042567
20141 080044
20141 040075
20141 040083
20141 271703
20141 010002
20141 010022
20141 010094
20141 050180
20141 090188
20141 110186
20141 120024
20141 020023
20141 102767
20141 101468
20141 111468
20141 080002
20141 080016
20141 091332
20141 031472
20141 041464
20141 050049
20141 100832
20141 010035
20141 131121
20141 042284
20141 011265
20141 031894
20141 113300
20141 062404
20141 042383
20141 031213
20141 031296
20141 101472
20141 101475
20141 111467
20141 041466
20141 131141
20141 091246
20141 101253
20141 080082
20141 130112
20141 190002
20141 041745
20141 050234
20141 021699
20141 021716
20141 021720
20141 111528
20141 131531
20141 131562
20141 031579
20141 031700
20141 081743
20141 091694
20141 010061
20141 120020
20141 041730
20141 130122
20141 091709
20141 081716
20141 081736
20141 111701
20141 111703
20141 031754
20141 010100
20141 112224
20141 020003
20141 020030
20141 091990
20141 030043
20141 030049
20141 040022
20141 040044
20141 060030
20141 060031
20141 080027
20141 080031
20141 080036
20141 271706
20141 111717
20141 111718
20141 112205
20141 272555
20141 010007
20141 112242
20141 102569
20141 050178
20141 110014
20141 120366
20141 090200
20141 130003
20141 031362
20141 040024
20141 111463
20141 080010
20141 080026
20141 021463
20141 131126
20141 050041
20141 091157
20141 101128
20141 012990
20141 031481
20141 131215
20141 082878
20141 041126
20141 050179
20141 101122
20141 093315
20141 031886
20141 111479
20141 103287
20141 073206
20141 041257
20141 113298
20141 092144
20141 132683
20141 102712
20141 102721
20141 122697
20141 131216
20141 091463
20141 021464
20141 021266
20141 041472
20141 042352
20141 102456
20141 031724
20141 041714
20141 080080
20141 090009
20141 021697
20141 021710
20141 030722
20141 130027
20141 101545
20141 041731
20141 051714
20141 051705
20141 051711
20141 130128
20141 101695
20141 101699
20141 101710
20141 091693
20141 081734
20141 041525
20141 031755
20141 081755
20141 091756
20141 052501
20141 272158
20141 022026
20141 060020
20141 080007
20141 111706
20141 111712
20141 012500
20141 010020
20141 010060
20141 012490
20141 011706
20141 102568
20141 080076
20141 080079
20141 080081
20141 201421
20141 101728
20141 031692
20141 080181
20141 130014
20141 042632
20141 041484
20141 051466
20141 101471
20141 070004
20141 031465
20141 031468
20141 031474
20141 133113
20141 133116
20141 102467
20141 041470
20141 041473
20141 041474
20141 131131
20141 131139
20141 080053
20141 091128
20141 091141
20141 091230
20141 031264
20141 030180
20141 061122
20141 091130
20141 092103
20141 090179
20141 091163
20141 121123
20141 093216
20141 043225
20141 113282
20141 113283
20141 043296
20141 093279
20141 103289
20141 113299
20141 033310
20141 133161
20141 020001
20141 102705
20141 101464
20141 041475
20141 041252
20141 041690
20141 041712
20141 130182
20141 080063
20141 080073
20141 112172
20141 112175
20141 090020
20141 090049
20141 111537
20141 100074
20141 110015
20141 120014
20141 041742
20141 051717
20141 031866
20141 130073
20141 101694
20141 101707
20141 101726
20141 101733
20141 102563
20141 082330
20141 031800
20141 020032
20141 121698
20141 092138
20141 112237
20141 040066
20141 070005
20141 050215
20141 271709
20141 121690
20141 121693
20141 121695
20141 131692
20141 042290
20141 040081
20141 271710
20141 050042
20141 010028
20141 010073
20141 130178
20141 121490
20141 200173
20141 110041
20141 110057
20141 040067
20141 051475
20141 272163
20141 041471
20141 013040
20141 092048
20141 042382
20141 061129
20141 091145
20141 203058
20141 091159
20141 101132
20141 121121
20141 111676
20141 082328
20141 042288
20141 043317
20141 091989
20141 093311
20141 082615
20141 082619
20141 091221
20141 112203
20141 041463
20141 131148
20140 110190
20140 080057
20140 080064
20140 080077
20140 102474
20140 011530
20140 011532
20140 040372
20140 101546
20140 111530
20140 121576
20140 110001
20140 110033
20140 010055
20140 130040
20140 041718
20140 021530
20140 021531
20140 051716
20140 051699
20140 130058
20140 081712
20140 031528
20140 091700
20140 031530
20140 271586
20140 101660
20140 131566
20140 130212
20140 112209
20140 131529
20140 091772
20140 051524
20140 271584
20140 271590
20140 031797
20140 020002
20140 020018
20140 030042
20140 040047
20140 101530
20140 271690
20140 060029
20140 060036
20140 080015
20140 111715
20140 080041
20140 071751
20140 091536
20140 010012
20140 010017
20140 010026
20140 042287
20140 102460
20140 112174
20140 091651
20140 010077
20140 081532
20140 091529
20140 091502
20140 050174
20140 042631
20140 101422
20140 060038
20140 031464
20140 043140
20140 041478
20140 021267
20140 051250
20140 041125
20140 111372
20140 100180
20140 091599
20140 041600
20140 091771
20140 011779
20140 063221
20140 253267
20140 132682
20140 091227
20140 021467
20140 131628
20140 021247
20140 021252
20140 021254
20140 051246
20140 131245
20140 091558
20140 092123
20140 050721
20140 130198
20140 130199
20140 011528
20140 112184
20140 011690
20140 011699
20140 101537
20140 120321
20140 021730
20140 131528
20140 271526
20140 110007
20140 041703
20140 010058
20140 120001
20140 120015
20140 130013
20140 130025
20140 101543
20140 041713
20140 021532
20140 030723
20140 081738
20140 091690
20140 092052
20140 131534
20140 112182
20140 030021
20140 060033
20140 060040
20140 070008
20140 080022
20140 081524
20140 121691
20140 131699
20140 271708
20140 091533
20140 050040
20140 050050
20140 101643
20140 080172
20140 030174
20140 050175
20140 050177
20140 100080
20140 091548
20140 080184
20140 090192
20140 110177
20140 110044
20140 130011
20140 130051
20140 020012
20140 030061
20140 093086
20140 123093
20140 080023
20140 011465
20140 043138
20140 010027
20140 121120
20140 102881
20140 092065
20140 031247
20140 041263
20140 050173
20140 041121
20140 091137
20140 122344
20140 023069
20140 033073
20140 271593
20140 091158
20140 101127
20140 112289
20140 092066
20140 111679
20140 011764
20140 042286
20140 083197
20140 092122
20140 102454
20140 111341
20140 111344
20140 021255
20140 031245
20140 031256
20140 041244
20140 041246
20140 041248
20140 131250
20140 031710
20140 021525
20140 041716
20140 130179
20140 130192
20140 080070
20140 080075
20140 130138
20140 012449
20140 090039
20140 021693
20140 021712
20140 101547
20140 110030
20140 031721
20140 091702
20140 120006
20140 130042
20140 031531
20140 081695
20140 081708
20140 081709
20140 081715
20140 130134
20140 130137
20140 271582
20140 102463
20140 031796
20140 020011
20140 051533
20140 040009
20140 040020
20140 040028
20140 040042
20140 101534
20140 051539
20140 021580
20140 060023
20140 060039
20140 050246
20140 271713
20140 112257
20140 111710
20140 090217
20140 131704
20140 010025
20140 010030
20140 011527
20140 041652
20140 020025
20140 030007
20140 040038
20140 061463
20140 103087
20140 131134
20140 060006
20140 121784
20140 011267
20140 091245
20140 041120
20140 041123
20140 023071
20140 033075
20140 090185
20140 063081
20140 083082
20140 253272
20140 043277
20140 020006
20140 082616
20140 121346
20140 131631
20140 011264
20140 021262
20140 031259
20140 031263
20140 031466
20140 041477
20140 051249
20140 071244
20140 131248
20140 092053
20140 031699
20140 130174
20140 101539
20140 101540
20140 090018
20140 021691
20140 021727
20140 121525
20140 081571
20140 130214
20140 031730
20140 021524
20140 041698
20140 120018
20140 130032
20140 130113
20140 130126
20140 081691
20140 081705
20140 081704
20140 132041
20140 041526
20140 091659
20140 101666
20140 011567
20140 130206
20140 121526
20140 051530
20140 010102
20140 020010
20140 030013
20140 012438
20140 051532
20140 121700
20140 060037
20140 080001
20140 050219
20140 080214
20140 080048
20140 040076
20140 040077
20140 050010
20140 050023
20140 110215
20140 131627
20140 091540
20140 010001
20140 010047
20140 130181
20140 081534
20140 010214
20140 091539
20140 070168
20140 110185
20140 011288
20140 111378
20140 031701
20140 020020
20140 081425
20140 040043
20140 081471
20140 103088
20140 103089
20140 081315
20140 091325
20140 091327
20140 091334
20140 041481
20140 131147
20140 050014
20140 091139
20140 010050
20140 031656
20140 091220
20140 043056
20140 041302
20140 041266
20140 051271
20140 101244
20140 041127
20140 091129
20140 091140
20140 051364
20140 271591
20140 053078
20140 083083
20140 063220
20140 093224
20140 103156
20140 253271
20140 253273
20140 221678
20140 253275
20140 031301
20140 051465
20140 081470
20140 031260
20140 041469
20140 112580
20140 051245
20140 051272
20140 131251
20140 132134
20140 120178
20140 080078
20140 130133
20140 090057
20140 040221
20140 050232
20140 021715
20140 031691
20140 121527
20140 071575
20140 110214
20140 081740
20140 110059
20140 130012
20140 130021
20140 130036
20140 031525
20140 091763
20140 012439
20140 130115
20140 101690
20140 101727
20140 081742
20140 091692
20140 111690
20140 091598
20140 101663
20140 131677
20140 131524
20140 271589
20140 131682
20140 020026
20140 040006
20140 132148
20140 060017
20140 060027
20140 060044
20140 080014
20140 050231
20140 080044
20140 060007
20140 060008
20140 010002
20140 010022
20140 131895
20140 102502
20140 112236
20140 042446
20140 010097
20140 012491
20140 081533
20140 050180
20140 100062
20140 101706
20140 091543
20140 101723
20140 111694
20140 090188
20140 100178
20140 110186
20140 050390
20140 113090
20140 113092
20140 123094
20140 080021
20140 081323
20140 131348
20140 041464
20140 131127
20140 131145
20140 050004
20140 100832
20140 091144
20140 022954
20140 111620
20140 061215
20140 021248
20140 050176
20140 061123
20140 091142
20140 111249
20140 083084
20140 101681
20140 061127
20140 103214
20140 253266
20140 133166
20140 081477
20140 112241
20140 253274
20140 131218
20140 031296
20140 101472
20140 011352
20140 041480
20140 051265
20140 101253
20140 092063
20140 092068
20140 011538
20140 041694
20140 130112
20140 190002
20140 011529
20140 051536
20140 041743
20140 050245
20140 111536
20140 131530
20140 110024
20140 031703
20140 110066
20140 120003
20140 120023
20140 130015
20140 061762
20140 101718
20140 101722
20140 081692
20140 081731
20140 111692
20140 010217
20140 131532
20140 020013
20140 092047
20140 030043
20140 030057
20140 040016
20140 040022
20140 101528
20140 060018
20140 081526
20140 111707
20140 110217
20140 271697
20140 060013
20140 010006
20140 010011
20140 010031
20140 042282
20140 101642
20140 010069
20140 050178
20140 100077
20140 110014
20140 091546
20140 120366
20140 090200
20140 020017
20140 101420
20140 042777
20140 040024
20140 040046
20140 081318
20140 101466
20140 042837
20140 093085
20140 133095
20140 273098
20140 133100
20140 133101
20140 060043
20140 060046
20140 111343
20140 080040
20140 050001
20140 010021
20140 010024
20140 010037
20140 101131
20140 031481
20140 031603
20140 061213
20140 013067
20140 042918
20140 021253
20140 021264
20140 041258
20140 112227
20140 042987
20140 050179
20140 091156
20140 091162
20140 101129
20140 111479
20140 253268
20140 253269
20140 091229
20140 131216
20140 011246
20140 091471
20140 021418
20140 011266
20140 021266
20140 031276
20140 102455
20140 101245
20140 101248
20140 130098
20140 091552
20140 011525
20140 041714
20140 021527
20140 021528
20140 130176
20140 112181
20140 011702
20140 090009
20140 031693
20140 111527
20140 131526
20140 101574
20140 100039
20140 031723
20140 031729
20140 120022
20140 021529
20140 041727
20140 130072
20140 130102
20140 101692
20140 101696
20140 101698
20140 081698
20140 081702
20140 111696
20140 031532
20140 041525
20140 101665
20140 041527
20140 031568
20140 051525
20140 271588
20140 020007
20140 030024
20140 101524
20140 131693
20140 131703
20140 271699
20140 080007
20140 010067
20140 011706
20140 021690
20140 130175
20140 090019
20140 091527
20140 201421
20140 090048
20140 091535
20140 101709
20140 101719
20140 021719
20140 031692
20140 100175
20140 130014
20140 130046
20140 051469
20140 111368
20140 121463
20140 113091
20140 133096
20140 273099
20140 060041
20140 070004
20140 031468
20140 031469
20140 131125
20140 131149
20140 101623
20140 031297
20140 031244
20140 041260
20140 051358
20140 033076
20140 053080
20140 093216
20140 103155
20140 123215
20140 042803
20140 043276
20140 133161
20140 083218
20140 102462
20140 131565
20140 091223
20140 101213
20140 011247
20140 101464
20140 091333
20140 091636
20140 011260
20140 021263
20140 131143
20140 041250
20140 041267
20140 051251
20140 121244
20140 271581
20140 111594
20140 130182
20140 080063
20140 090049
20140 011712
20140 271524
20140 110002
20140 040491
20140 041693
20140 091707
20140 120014
20140 051703
20140 051725
20140 022027
20140 130129
20140 101716
20140 101720
20140 111693
20140 111699
20140 101664
20140 041754
20140 041531
20140 020029
20140 030046
20140 040033
20140 040053
20140 060016
20140 060019
20140 070005
20140 080017
20140 060214
20140 111713
20140 121697
20140 271691
20140 271702
20140 050045
20140 060010
20140 112183
20140 051637
20140 091650
20140 130178
20140 010215
20140 010218
20140 091537
20140 091538
20140 091541
20140 092113
20140 090198
20140 101421
20140 030040
20140 040021
20140 111377
20140 043139
20140 112228
20140 080032
20140 041471
20140 131130
20140 131158
20140 100788
20140 050009
20140 042988
20140 101621
20140 101622
20140 013066
20140 042853
20140 031250
20140 061129
20140 091127
20140 203058
20140 013068
20140 023070
20140 043057
20140 033072
20140 071597
20140 053077
20140 053079
20140 113175
20140 111676
20140 103208
20140 083158
20140 091989
20140 103159
20140 253270
20140 123169
20140 131213
20140 131230
20140 131138
20140 112225
20140 081245
20140 081248
20140 131246
20131 110190
20131 130186
20131 130190
20131 130195
20131 011691
20131 011695
20131 101538
20131 090041
20131 090051
20131 100005
20131 031690
20131 110043
20131 031725
20131 031728
20131 041705
20131 041707
20131 120007
20131 120009
20131 130040
20131 041726
20131 051715
20131 031526
20131 102506
20131 081694
20131 130084
20131 101693
20131 081724
20131 271750
20131 071754
20131 010084
20131 130212
20131 030014
20131 030038
20131 030042
20131 040047
20131 060014
20131 080015
20131 111704
20131 111709
20131 080041
20131 080046
20131 040072
20131 071751
20131 050044
20131 060005
20131 060012
20131 010009
20131 010039
20131 021497
20131 010077
20131 130184
20131 091502
20131 050174
20131 091549
20131 090191
20131 031707
20131 041483
20131 051464
20131 040035
20131 081469
20131 091465
20131 091472
20131 101474
20131 031464
20131 131142
20131 131144
20131 060009
20131 010043
20131 010048
20131 091136
20131 101134
20131 051250
20131 111372
20131 041600
20131 061778
20131 091771
20131 011779
20131 131991
20131 091218
20131 071465
20131 091474
20131 091477
20131 031463
20131 131628
20131 131146
20131 062574
20131 112581
20131 131245
20131 111702
20131 091553
20131 130198
20131 130199
20131 112173
20131 121692
20131 011699
20131 041729
20131 100007
20131 100012
20131 100023
20131 021732
20131 131533
20131 100041
20131 110007
20131 081737
20131 120001
20131 130007
20131 130028
20131 101691
20131 081735
20131 271749
20131 102564
20131 051526
20131 030021
20131 030025
20131 132131
20131 060015
20131 070008
20131 040074
20131 050029
20131 101491
20131 271708
20131 271715
20131 042556
20131 050040
20131 010052
20131 010064
20131 011700
20131 011707
20131 221753
20131 220174
20131 030174
20131 050175
20131 050177
20131 090056
20131 110016
20131 090192
20131 110177
20131 130011
20131 041367
20131 020014
20131 051468
20131 030026
20131 040032
20131 081474
20131 091467
20131 101463
20131 101469
20131 011465
20131 021465
20131 131150
20131 101214
20131 131236
20131 041263
20131 041268
20131 040174
20131 050173
20131 122344
20131 111679
20131 131503
20131 062575
20131 091988
20131 061214
20131 131227
20131 042220
20131 031245
20131 031265
20131 041244
20131 272585
20131 130088
20131 092124
20131 130179
20131 130192
20131 100020
20131 021692
20131 100042
20131 110030
20131 031716
20131 041692
20131 110054
20131 130037
20131 051690
20131 022039
20131 051697
20131 081696
20131 130119
20131 091711
20131 031531
20131 101700
20131 101724
20131 130134
20131 042129
20131 101732
20131 190174
20131 102561
20131 042281
20131 031796
20131 091987
20131 030045
20131 040013
20131 040020
20131 040023
20131 040041
20131 271694
20131 060021
20131 060023
20131 060026
20131 060034
20131 080019
20131 080028
20131 121701
20131 131694
20131 080043
20131 080054
20131 010003
20131 010005
20131 010025
20131 010049
20131 010065
20131 092121
20131 011711
20131 200174
20131 100043
20131 101725
20131 101734
20131 020025
20131 040038
20131 060035
20131 071464
20131 121465
20131 131467
20131 102565
20131 081324
20131 031476
20131 031477
20131 131128
20131 131135
20131 131140
20131 050030
20131 010029
20131 091126
20131 121784
20131 102461
20131 131217
20131 132130
20131 112258
20131 061120
20131 090185
20131 090190
20131 100183
20131 061776
20131 061124
20131 092062
20131 131214
20131 051467
20131 081467
20131 131463
20131 031466
20131 102576
20131 051249
20131 131248
20131 080058
20131 080061
20131 111721
20131 011692
20131 100034
20131 011705
20131 100076
20131 031709
20131 041698
20131 041701
20131 010063
20131 120012
20131 012448
20131 051706
20131 051702
20131 101715
20131 081693
20131 081739
20131 091701
20131 041755
20131 130206
20131 102562
20131 131536
20131 010102
20131 020016
20131 092024
20131 040031
20131 040039
20131 271696
20131 040061
20131 060022
20131 080001
20131 080011
20131 050223
20131 121696
20131 131690
20131 131697
20131 050003
20131 050023
20131 091542
20131 010001
20131 010033
20131 010070
20131 010091
20131 130181
20131 132042
20131 112207
20131 070168
20131 110185
20131 110049
20131 110055
20131 110065
20131 061314
20131 020020
20131 020028
20131 040043
20131 081466
20131 081471
20131 091464
20131 091325
20131 051354
20131 041479
20131 131137
20131 050011
20131 050014
20131 050022
20131 060011
20131 031656
20131 092064
20131 091228
20131 131231
20131 041302
20131 031261
20131 051252
20131 101244
20131 041124
20131 091138
20131 080183
20131 101130
20131 132578
20131 092025
20131 012420
20131 221678
20131 091232
20131 031242
20131 081465
20131 081470
20131 091466
20131 031473
20131 112580
20131 091555
20131 031798
20131 092067
20131 120178
20131 080078
20131 011534
20131 051691
20131 040401
20131 041499
20131 041697
20131 010068
20131 130002
20131 130021
20131 130031
20131 130036
20131 091763
20131 130087
20131 130115
20131 130116
20131 101708
20131 101721
20131 101729
20131 081690
20131 081741
20131 091706
20131 111695
20131 131677
20131 091755
20131 131683
20131 020008
20131 020022
20131 020026
20131 030003
20131 121694
20131 132148
20131 060042
20131 080020
20131 112223
20131 081525
20131 131695
20131 042567
20131 080044
20131 040075
20131 040083
20131 101492
20131 010022
20131 042446
20131 010094
20131 010097
20131 042573
20131 050180
20131 100083
20131 070177
20131 090188
20131 110166
20131 100178
20131 020023
20131 082583
20131 101468
20131 080002
20131 080016
20131 080021
20131 091332
20131 021468
20131 031472
20131 041464
20131 050049
20131 100832
20131 010035
20131 091134
20131 131121
20131 111662
20131 061774
20131 031213
20131 031296
20131 101475
20131 041466
20131 131141
20131 102453
20131 091246
20131 101253
20131 111698
20131 111700
20131 101754
20131 130183
20131 080082
20131 130112
20131 190002
20131 041743
20131 041745
20131 021699
20131 031579
20131 100084
20131 110026
20131 110027
20131 031700
20131 041704
20131 041709
20131 081743
20131 091694
20131 010061
20131 120020
20131 041717
20131 061762
20131 101711
20131 081714
20131 081713
20131 031754
20131 010100
20131 112224
20131 020003
20131 020030
20131 030032
20131 030043
20131 030049
20131 030071
20131 040022
20131 040026
20131 040044
20131 060030
20131 060031
20131 070003
20131 080027
20131 080036
20131 271706
20131 040088
20131 091488
20131 112205
20131 272555
20131 010007
20131 010023
20131 010034
20131 102504
20131 091557
20131 190173
20131 050178
20131 092114
20131 120366
20131 090200
20131 120021
20131 130003
20131 031362
20131 092590
20131 040024
20131 091470
20131 091475
20131 070010
20131 080010
20131 080026
20131 021463
20131 021469
20131 131126
20131 080056
20131 050041
20131 091157
20131 101128
20131 031481
20131 131215
20131 112192
20131 010220
20131 041126
20131 050179
20131 101122
20131 061777
20131 011780
20131 111479
20131 041257
20131 092144
20131 131216
20131 091463
20131 021464
20131 011252
20131 031475
20131 041472
20131 081754
20131 031724
20131 041714
20131 130176
20131 130185
20131 011702
20131 090009
20131 090036
20131 030722
20131 110013
20131 031729
20131 041691
20131 130027
20131 051714
20131 051705
20131 051711
20131 130128
20131 101698
20131 101699
20131 101704
20131 081719
20131 091693
20131 041525
20131 081748
20131 091756
20131 101569
20131 101789
20131 020007
20131 121703
20131 040058
20131 060020
20131 080007
20131 081527
20131 111712
20131 012418
20131 061491
20131 010020
20131 010060
20131 130210
20131 130175
20131 080081
20131 201421
20131 090048
20131 091545
20131 101728
20131 031692
20131 090189
20131 090202
20131 020031
20131 041484
20131 051466
20131 051474
20131 091476
20131 101471
20131 060041
20131 031465
20131 031468
20131 031469
20131 031474
20131 041470
20131 041473
20131 041474
20131 041476
20131 131131
20131 080053
20131 091128
20131 091230
20131 031297
20131 031264
20131 051247
20131 091130
20131 091132
20131 091163
20131 101136
20131 121123
20131 061775
20131 042579
20131 133223
20131 020001
20131 101464
20131 041475
20131 041252
20131 041254
20131 091754
20131 041690
20131 041712
20131 130182
20131 080063
20131 080073
20131 112172
20131 090020
20131 090049
20131 110015
20131 041708
20131 120014
20131 041742
20131 130073
20131 101694
20131 101707
20131 101726
20131 101733
20131 031756
20131 102505
20131 102563
20131 020032
20131 020035
20131 040033
20131 092138
20131 040066
20131 070005
20131 050215
20131 271709
20131 111711
20131 121690
20131 121695
20131 131692
20131 080055
20131 040081
20131 050037
20131 271710
20131 050042
20131 010018
20131 010028
20131 010073
20131 121490
20131 200173
20131 110167
20131 090198
20131 110057
20131 040067
20131 051475
20131 121466
20131 041471
20131 080047
20131 050009
20131 091161
20131 040180
20131 091145
20131 091159
20131 101132
20131 111676
20131 191773
20131 091221
20131 131230
20131 112203
20131 031285
20131 041463
20131 131148
20131 082582
20131 041253
20130 091554
20130 110190
20130 130195
20130 080057
20130 080064
20130 080066
20130 080077
20130 011530
20130 011532
20130 101535
20130 100029
20130 040372
20130 101546
20130 111526
20130 111530
20130 111534
20130 091564
20130 121576
20130 041577
20130 110001
20130 010055
20130 120007
20130 120009
20130 130018
20130 021530
20130 021531
20130 031526
20130 081615
20130 130058
20130 031528
20130 031530
20130 271586
20130 041524
20130 021601
20130 101660
20130 101661
20130 131566
20130 130212
20130 131529
20130 091772
20130 051524
20130 271584
20130 271590
20130 020002
20130 020018
20130 030014
20130 030033
20130 030035
20130 091560
20130 030038
20130 040047
20130 101529
20130 101530
20130 081530
20130 060036
20130 080015
20130 091536
20130 010010
20130 010012
20130 010017
20130 010026
20130 010051
20130 041595
20130 041788
20130 091651
20130 010077
20130 130184
20130 130187
20130 081532
20130 091529
20130 091530
20130 091502
20130 220173
20130 050174
20130 110003
20130 090191
20130 091415
20130 080018
20130 131351
20130 031464
20130 131132
20130 040089
20130 010043
20130 021267
20130 051250
20130 041125
20130 111372
20130 091599
20130 041600
20130 061778
20130 091771
20130 011779
20130 091469
20130 101467
20130 021467
20130 031463
20130 131628
20130 021247
20130 021252
20130 021254
20130 041245
20130 252364
20130 051246
20130 111248
20130 131245
20130 131249
20130 041529
20130 091558
20130 050721
20130 130198
20130 130199
20130 011528
20130 101537
20130 131528
20130 271526
20130 110022
20130 120001
20130 120015
20130 130006
20130 130013
20130 130017
20130 101543
20130 021532
20130 030723
20130 101669
20130 041670
20130 041528
20130 271583
20130 030021
20130 040052
20130 101531
20130 101533
20130 060040
20130 080022
20130 081524
20130 100214
20130 051644
20130 091533
20130 010016
20130 271638
20130 101643
20130 080172
20130 220174
20130 030174
20130 050175
20130 050177
20130 090056
20130 091548
20130 090192
20130 100181
20130 110044
20130 130016
20130 130051
20130 011289
20130 011291
20130 020012
20130 040032
20130 081472
20130 111465
20130 111474
20130 010027
20130 101624
20130 031247
20130 041263
20130 050173
20130 041121
20130 091137
20130 100186
20130 271593
20130 021604
20130 091158
20130 101127
20130 092066
20130 111675
20130 111679
20130 131503
20130 062575
20130 020004
20130 031295
20130 011244
20130 111341
20130 111344
20130 011647
20130 021255
20130 031245
20130 031256
20130 031265
20130 041244
20130 041246
20130 041248
20130 131504
20130 131250
20130 021525
20130 120175
20130 130192
20130 080070
20130 080075
20130 130138
20130 061612
20130 101547
20130 120006
20130 130042
20130 111529
20130 111531
20130 130137
20130 271582
20130 091667
20130 190174
20130 020011
20130 020015
20130 051533
20130 040020
20130 040042
20130 101534
20130 051539
20130 021580
20130 080033
20130 050246
20130 010025
20130 010030
20130 081766
20130 011527
20130 271639
20130 041652
20130 090058
20130 100043
20130 091544
20130 041404
20130 030007
20130 040038
20130 061463
20130 081321
20130 131134
20130 060006
20130 091131
20130 121784
20130 091217
20130 051310
20130 041123
20130 091122
20130 090185
20130 090190
20130 100183
20130 061776
20130 091783
20130 252361
20130 020006
20130 252362
20130 252365
20130 131226
20130 121346
20130 131631
20130 091635
20130 011649
20130 011264
20130 021262
20130 031248
20130 031259
20130 031466
20130 051249
20130 071244
20130 131248
20130 091556
20130 130173
20130 031608
20130 101539
20130 101540
20130 090018
20130 121525
20130 081571
20130 021524
20130 120018
20130 130024
20130 130032
20130 081614
20130 130113
20130 130126
20130 041526
20130 091659
20130 101666
20130 011567
20130 121526
20130 271525
20130 011781
20130 021792
20130 010102
20130 020010
20130 030013
20130 051532
20130 101525
20130 030060
20130 080001
20130 080025
20130 080214
20130 080048
20130 040068
20130 040073
20130 040077
20130 050010
20130 050021
20130 050023
20130 110215
20130 131627
20130 091540
20130 010001
20130 010033
20130 010038
20130 010047
20130 081769
20130 011536
20130 130181
20130 081534
20130 101793
20130 010214
20130 091539
20130 100271
20130 070168
20130 110185
20130 051311
20130 020020
20130 081425
20130 101426
20130 040043
20130 081471
20130 131464
20130 081315
20130 091327
20130 091334
20130 081613
20130 131147
20130 091139
20130 010050
20130 031656
20130 091220
20130 041302
20130 031261
20130 051271
20130 101244
20130 041127
20130 091129
20130 051364
20130 080183
20130 271591
20130 221678
20130 080865
20130 031301
20130 051465
20130 031260
20130 051245
20130 131251
20130 131252
20130 120178
20130 080060
20130 080078
20130 031609
20130 011534
20130 050232
20130 111524
20130 111532
20130 121527
20130 041572
20130 071575
20130 100065
20130 110059
20130 130012
20130 130036
20130 031525
20130 091763
20130 130115
20130 091598
20130 101663
20130 061668
20130 131677
20130 111680
20130 101568
20130 111535
20130 121524
20130 131524
20130 271589
20130 111619
20130 131682
20130 020026
20130 131759
20130 040006
20130 040034
20130 020214
20130 101532
20130 060017
20130 060027
20130 050231
20130 060007
20130 060008
20130 010002
20130 010022
20130 010041
20130 010056
20130 091632
20130 010097
20130 010216
20130 030173
20130 050180
20130 100062
20130 070177
20130 080179
20130 090188
20130 050390
20130 020023
20130 080002
20130 080021
20130 081323
20130 091332
20130 131348
20130 041464
20130 131127
20130 131145
20130 050004
20130 050049
20130 100832
20130 010032
20130 091144
20130 111620
20130 061215
20130 041305
20130 011265
20130 021248
20130 031275
20130 050176
20130 111246
20130 111249
20130 101681
20130 061774
20130 081477
20130 091231
20130 131218
20130 031296
20130 051645
20130 021268
20130 041480
20130 051253
20130 101253
20130 092063
20130 130204
20130 080072
20130 130112
20130 190002
20130 011529
20130 051536
20130 021605
20130 031524
20130 100003
20130 050234
20130 050245
20130 131530
20130 131531
20130 031579
20130 110009
20130 110035
20130 110066
20130 120003
20130 120023
20130 130015
20130 021526
20130 121616
20130 111618
20130 061762
20130 130122
20130 111525
20130 010217
20130 131532
20130 041671
20130 020013
20130 101526
20130 030043
20130 030057
20130 040016
20130 040022
20130 101528
20130 060018
20130 080031
20130 081526
20130 081528
20130 100215
20130 110217
20130 060013
20130 010006
20130 010011
20130 010023
20130 010031
20130 051770
20130 091633
20130 101642
20130 010069
20130 010080
20130 080092
20130 091525
20130 190173
20130 100077
20130 110014
20130 120366
20130 090200
20130 120021
20130 020017
20130 101420
20130 040024
20130 040027
20130 040046
20130 101335
20130 111463
20130 131465
20130 060043
20130 111343
20130 101625
20130 080040
20130 050001
20130 050019
20130 010021
20130 010024
20130 010037
20130 101131
20130 031481
20130 031603
20130 131626
20130 061213
20130 021253
20130 021264
20130 081246
20130 050179
20130 091156
20130 091162
20130 101129
20130 061777
20130 011780
20130 111479
20130 041257
20130 091471
20130 021418
20130 051646
20130 021266
20130 031276
20130 101245
20130 101248
20130 130085
20130 130098
20130 091552
20130 011525
20130 021528
20130 031607
20130 101536
20130 090009
20130 030722
20130 131525
20130 131526
20130 101574
20130 100039
20130 110013
20130 110025
20130 130027
20130 021529
20130 030839
20130 130072
20130 101665
20130 031568
20130 051525
20130 271588
20130 101789
20130 030024
20130 101524
20130 080007
20130 081529
20130 010067
20130 041596
20130 081767
20130 101640
20130 010085
20130 130210
20130 110008
20130 091535
20130 090202
20130 100175
20130 130014
20130 130046
20130 130071
20130 121287
20130 111368
20130 091473
20130 070004
20130 031465
20130 031468
20130 031469
20130 131125
20130 131139
20130 131149
20130 121122
20130 041611
20130 111617
20130 101623
20130 031297
20130 021245
20130 031244
20130 041260
20130 091125
20130 131247
20130 051358
20130 021602
20130 031606
20130 041610
20130 101672
20130 061775
20130 131565
20130 091223
20130 101213
20130 011247
20130 101464
20130 091333
20130 091636
20130 011648
20130 021263
20130 031278
20130 131143
20130 041250
20130 051251
20130 051270
20130 091248
20130 111247
20130 121244
20130 271581
20130 111594
20130 130182
20130 271524
20130 110002
20130 110017
20130 110042
20130 040491
20130 130129
20130 031527
20130 101664
20130 021791
20130 020029
20130 030046
20130 040033
20130 040053
20130 101527
20130 060016
20130 060019
20130 070005
20130 080017
20130 050215
20130 060214
20130 091634
20130 050045
20130 060010
20130 271785
20130 051637
20130 091650
20130 130178
20130 061490
20130 091526
20130 091531
20130 091532
20130 081765
20130 010215
20130 010218
20130 110006
20130 110011
20130 091537
20130 091538
20130 091541
20130 090198
20130 100184
20130 110041
20130 101421
20130 030040
20130 040021
20130 080008
20130 131122
20130 131130
20130 131158
20130 100788
20130 101621
20130 101622
20130 031250
20130 091127
20130 091133
20130 080174
20130 071597
20130 101135
20130 111676
20130 191773
20130 091219
20130 131213
20130 131230
20130 031249
20130 031282
20130 252363
20130 081245
20130 081247
20130 081248
20121 110190
20121 130195
20121 090051
20121 100005
20121 100050
20121 100063
20121 110043
20121 010053
20121 120009
20121 130040
20121 130084
20121 010084
20121 130212
20121 030014
20121 030035
20121 021498
20121 030038
20121 030042
20121 030053
20121 040047
20121 080009
20121 080015
20121 080041
20121 080046
20121 040072
20121 040080
20121 050024
20121 050044
20121 060005
20121 060012
20121 010009
20121 010012
20121 010039
20121 021497
20121 010077
20121 010081
20121 130184
20121 130187
20121 091502
20121 220173
20121 100038
20121 100059
20121 080182
20121 041353
20121 091415
20121 041483
20121 051464
20121 040035
20121 091465
20121 091472
20121 101474
20121 031471
20121 041478
20121 131132
20121 131142
20121 131144
20121 060009
20121 010043
20121 010048
20121 091136
20121 101125
20121 101134
20121 051250
20121 091143
20121 111372
20121 101124
20121 071465
20121 091477
20121 111470
20121 131471
20121 031463
20121 131245
20121 130199
20121 130114
20121 100007
20121 100010
20121 100012
20121 100023
20121 100041
20121 110007
20121 110037
20121 010058
20121 120001
20121 130007
20121 130025
20121 130028
20121 010090
20121 030021
20121 030025
20121 101501
20121 040019
20121 040052
20121 060015
20121 070008
20121 050029
20121 101491
20121 050040
20121 010052
20121 010062
20121 010064
20121 220174
20121 050175
20121 090056
20121 100064
20121 110016
20121 080184
20121 090192
20121 110177
20121 120002
20121 130011
20121 041367
20121 020014
20121 051468
20121 030034
20121 040032
20121 081463
20121 091467
20121 101463
20121 101469
20121 101476
20121 080023
20121 011464
20121 011465
20121 011467
20121 021465
20121 031479
20121 080045
20121 091149
20121 091155
20121 101214
20121 131236
20121 051308
20121 041268
20121 040174
20121 050173
20121 041128
20121 091151
20121 131503
20121 061214
20121 131227
20121 111464
20121 031245
20121 031265
20121 131504
20121 130088
20121 130192
20121 130196
20121 080062
20121 130138
20121 090039
20121 100020
20121 100042
20121 110030
20121 110054
20121 130037
20121 130042
20121 130134
20121 130137
20121 020015
20121 030045
20121 030050
20121 040023
20121 040041
20121 060021
20121 060023
20121 060026
20121 060034
20121 080019
20121 080028
20121 080043
20121 080054
20121 010003
20121 010005
20121 010008
20121 010025
20121 010049
20121 010065
20121 101503
20121 200174
20121 030421
20121 090193
20121 120013
20121 041404
20121 020025
20121 030007
20121 040038
20121 040051
20121 060035
20121 061463
20121 071464
20121 081468
20121 091468
20121 111469
20121 111473
20121 121465
20121 131467
20121 081324
20121 131350
20121 031476
20121 031477
20121 041468
20121 080042
20121 131128
20121 131135
20121 131140
20121 050017
20121 050030
20121 131217
20121 041120
20121 041122
20121 061120
20121 091124
20121 090185
20121 091153
20121 100066
20121 020009
20121 131214
20121 091235
20121 051467
20121 081467
20121 131463
20121 011463
20121 031263
20121 031466
20121 041477
20121 051249
20121 131248
20121 130173
20121 130174
20121 130180
20121 080058
20121 080061
20121 080088
20121 130101
20121 100034
20121 100058
20121 100076
20121 110010
20121 120012
20121 130206
20121 020016
20121 030060
20121 030062
20121 040031
20121 040039
20121 040057
20121 060022
20121 060037
20121 080001
20121 080003
20121 080011
20121 050223
20121 050003
20121 101493
20121 010001
20121 010070
20121 010091
20121 130181
20121 130194
20121 130200
20121 100051
20121 080176
20121 070168
20121 090199
20121 110185
20121 110047
20121 110049
20121 110055
20121 110065
20121 061314
20121 020020
20121 020028
20121 051463
20121 040059
20121 081466
20121 081471
20121 091464
20121 111466
20121 111471
20121 131464
20121 091325
20121 051354
20121 041479
20121 041481
20121 041482
20121 050011
20121 050014
20121 060011
20121 010045
20121 091228
20121 131231
20121 041302
20121 051252
20121 101244
20121 041124
20121 091138
20121 080183
20121 101130
20121 091216
20121 091232
20121 031301
20121 081465
20121 081470
20121 091466
20121 101470
20121 101478
20121 131468
20121 031473
20121 031478
20121 120178
20121 080078
20121 100014
20121 040221
20121 041499
20121 010068
20121 130002
20121 130031
20121 130116
20121 130118
20121 130131
20121 020022
20121 020026
20121 030003
20121 030009
20121 030022
20121 060042
20121 080020
20121 080051
20121 040075
20121 040083
20121 101492
20121 010015
20121 010088
20121 010094
20121 010097
20121 030173
20121 050180
20121 100083
20121 070177
20121 090188
20121 110166
20121 100178
20121 110180
20121 110186
20121 020023
20121 040007
20121 041375
20121 081464
20121 111468
20121 080002
20121 080016
20121 080021
20121 131470
20121 011470
20121 031472
20121 041464
20121 050038
20121 050051
20121 100832
20121 010035
20121 131121
20121 091121
20121 110187
20121 081477
20121 031296
20121 101472
20121 101475
20121 111467
20121 011486
20121 011352
20121 011466
20121 041466
20121 041480
20121 131141
20121 101253
20121 130183
20121 130193
20121 130204
20121 080082
20121 130112
20121 190002
20121 100053
20121 110024
20121 110038
20121 010061
20121 110064
20121 120020
20121 010100
20121 020003
20121 020030
20121 030032
20121 030043
20121 030049
20121 030071
20121 040022
20121 040026
20121 040044
20121 060030
20121 060031
20121 070003
20121 080027
20121 080031
20121 080036
20121 040088
20121 091488
20121 010007
20121 010023
20121 010034
20121 010075
20121 081476
20121 190173
20121 110014
20121 090200
20121 120010
20121 120021
20121 130003
20121 101371
20121 091419
20121 040024
20121 091475
20121 101465
20121 101466
20121 101473
20121 111463
20121 070010
20121 080010
20121 080026
20121 131473
20121 041487
20121 021463
20121 021466
20121 021469
20121 131126
20121 050033
20121 010040
20121 091157
20121 101128
20121 131215
20121 031269
20121 041126
20121 080180
20121 101122
20121 111479
20121 131216
20121 131221
20121 011246
20121 091463
20121 111472
20121 011472
20121 021464
20121 031475
20121 041472
20121 080080
20121 090013
20121 090030
20121 100011
20121 100022
20121 110023
20121 131496
20121 010066
20121 120011
20121 130027
20121 010098
20121 020007
20121 030058
20121 060020
20121 080007
20121 061491
20121 010020
20121 010036
20121 010060
20121 010078
20121 080076
20121 080079
20121 080081
20121 201421
20121 090040
20121 090048
20121 100040
20121 080181
20121 090202
20121 111476
20121 020031
20121 041484
20121 051466
20121 051469
20121 040018
20121 051474
20121 091476
20121 101471
20121 101477
20121 121463
20121 060041
20121 070004
20121 031465
20121 031468
20121 031474
20121 041465
20121 041470
20121 041473
20121 041474
20121 041476
20121 131131
20121 131133
20121 080053
20121 091128
20121 091141
20121 091230
20121 031297
20121 031244
20121 031264
20121 051247
20121 061122
20121 091130
20121 091132
20121 121123
20121 020001
20121 121491
20121 041485
20121 101464
20121 041475
20121 041252
20121 091249
20121 101251
20121 130182
20121 080063
20121 080073
20121 090049
20121 100016
20121 100047
20121 100074
20121 110017
20121 110050
20121 120014
20121 130073
20121 130129
20121 220175
20121 020032
20121 020035
20121 040033
20121 040048
20121 040066
20121 080039
20121 080055
20121 061489
20121 050042
20121 010014
20121 010018
20121 010028
20121 010073
20121 130178
20121 121490
20121 110167
20121 110057
20121 040021
20121 040067
20121 051475
20121 121466
20121 080005
20121 131469
20121 041467
20121 041471
20121 131136
20121 080047
20121 091147
20121 091161
20121 040180
20121 091145
20121 090187
20121 121121
20121 081475
20121 091221
20121 091226
20121 131213
20121 121464
20121 041463
20121 131138
20121 131148
20121 131191
20121 041253
20121 041265
20120 130187
20120 011250
20120 021252
20120 081317
20120 041125
20120 130058
20120 100045
20120 041595
20120 120009
20120 011249
20120 120007
20120 041353
20120 100177
20120 131245
20120 131259
20120 110033
20120 131120
20120 220173
20120 091154
20120 040035
20120 110020
20120 051362
20120 271590
20120 091415
20120 021254
20120 010010
20120 111372
20120 091218
20120 021247
20120 101121
20120 080018
20120 031298
20120 100029
20120 020002
20120 081119
20120 080015
20120 021267
20120 130018
20120 060014
20120 080064
20120 091329
20120 010077
20120 030038
20120 130010
20120 020018
20120 090191
20120 030035
20120 031252
20120 111248
20120 110003
20120 040216
20120 271586
20120 041245
20120 100180
20120 271584
20120 130190
20120 010017
20120 130184
20120 091227
20120 010026
20120 091331
20120 110190
20120 051246
20120 010012
20120 080057
20120 080066
20120 130026
20120 090033
20120 030014
20120 131249
20120 040004
20120 010082
20120 130212
20120 101422
20120 060009
20120 080077
20120 131146
20120 101247
20120 030021
20120 080172
20120 041367
20120 110044
20120 091215
20120 100001
20120 040029
20120 041263
20120 021255
20120 100080
20120 100186
20120 091233
20120 091403
20120 130198
20120 131250
20120 130006
20120 130025
20120 130007
20120 041246
20120 101126
20120 041244
20120 111341
20120 120015
20120 040078
20120 050177
20120 010016
20120 010027
20120 110177
20120 220174
20120 130016
20120 091137
20120 100002
20120 090186
20120 050175
20120 020004
20120 011291
20120 040174
20120 020012
20120 021257
20120 031256
20120 031265
20120 051308
20120 040052
20120 031245
20120 090192
20120 041121
20120 040074
20120 131256
20120 050173
20120 101373
20120 111245
20120 090214
20120 060040
20120 110191
20120 011289
20120 031247
20120 031295
20120 091160
20120 011244
20120 041248
20120 040063
20120 100069
20120 091148
20120 110022
20120 110032
20120 101127
20120 101120
20120 050216
20120 040187
20120 080022
20120 080074
20120 100181
20120 080184
20120 111344
20120 271593
20120 110012
20120 040217
20120 030034
20120 120001
20120 041268
20120 130017
20120 130199
20120 041123
20120 080033
20120 041120
20120 130042
20120 100043
20120 130099
20120 131134
20120 100075
20120 040042
20120 010072
20120 031253
20120 090185
20120 131350
20120 091225
20120 021262
20120 131244
20120 131248
20120 010044
20120 091131
20120 131190
20120 071244
20120 130192
20120 051310
20120 040101
20120 031259
20120 030011
20120 021260
20120 020011
20120 051244
20120 050032
20120 101336
20120 120006
20120 010030
20120 051249
20120 011267
20120 031248
20120 020006
20120 131153
20120 040214
20120 081324
20120 050246
20120 021258
20120 271582
20120 080075
20120 120031
20120 040220
20120 101249
20120 091247
20120 091245
20120 090058
20120 011264
20120 091244
20120 051360
20120 040215
20120 091122
20120 131226
20120 040038
20120 041404
20120 040020
20120 040023
20120 090217
20120 081244
20120 030019
20120 080070
20120 030007
20120 040013
20120 040009
20120 031241
20120 081321
20120 121346
20120 011290
20120 010029
20120 131220
20120 130173
20120 050023
20120 100070
20120 081315
20120 110004
20120 010047
20120 130214
20120 041302
20120 040076
20120 040077
20120 010086
20120 091327
20120 070168
20120 091129
20120 130001
20120 130113
20120 010050
20120 130206
20120 131137
20120 110215
20120 030013
20120 051357
20120 010001
20120 111244
20120 050002
20120 031242
20120 051354
20120 130126
20120 101244
20120 130180
20120 050010
20120 050021
20120 080025
20120 010102
20120 091220
20120 031260
20120 051252
20120 051311
20120 120018
20120 080176
20120 091140
20120 011288
20120 020010
20120 080214
20120 101426
20120 091334
20120 061314
20120 110185
20120 041251
20120 100078
20120 081425
20120 040073
20120 051364
20120 050022
20120 091325
20120 010214
20120 131147
20120 080048
20120 130032
20120 041127
20120 130024
20120 021369
20120 050223
20120 050005
20120 111378
20120 010033
20120 010038
20120 080001
20120 030008
20120 130174
20120 051271
20120 031363
20120 040068
20120 040001
20120 040061
20120 131251
20120 101250
20120 100079
20120 041249
20120 030060
20120 090199
20120 051245
20120 030182
20120 101423
20120 090215
20120 130181
20120 080002
20120 081323
20120 021244
20120 091152
20120 041305
20120 131129
20120 130036
20120 091144
20120 100052
20120 010087
20120 120178
20120 100037
20120 130133
20120 110059
20120 130012
20120 010216
20120 130115
20120 131127
20120 131218
20120 100054
20120 131348
20120 080014
20120 110019
20120 101253
20120 070177
20120 031296
20120 111249
20120 030173
20120 050004
20120 021268
20120 090188
20120 271589
20120 020214
20120 021248
20120 021250
20120 030009
20120 050231
20120 040218
20120 011352
20120 101246
20120 120026
20120 040005
20120 010002
20120 010032
20120 060027
20120 040221
20120 030003
20120 040006
20120 010071
20120 010041
20120 091231
20120 011265
20120 060007
20120 060017
20120 091150
20120 051253
20120 051356
20120 050049
20120 050232
20120 050229
20120 080021
20120 091142
20120 060008
20120 111246
20120 011268
20120 080078
20120 080044
20120 021246
20120 030022
20120 040056
20120 010022
20120 040012
20120 040010
20120 040011
20120 050180
20120 110187
20120 031213
20120 080060
20120 130002
20120 061215
20120 031258
20120 021264
20120 021253
20120 030043
20120 080040
20120 110014
20120 010031
20120 041258
20120 040046
20120 041257
20120 020013
20120 101129
20120 100003
20120 120023
20120 130122
20120 010006
20120 011266
20120 010069
20120 091222
20120 010037
20120 111343
20120 101248
20120 021418
20120 110066
20120 021266
20120 040025
20120 030071
20120 190002
20120 050245
20120 010021
20120 040016
20120 101133
20120 101335
20120 070003
20120 010217
20120 091156
20120 020017
20120 101420
20120 031276
20120 101371
20120 040024
20120 080180
20120 080175
20120 050178
20120 050019
20120 130183
20120 080031
20120 110009
20120 081318
20120 060018
20120 100077
20120 050221
20120 051312
20120 040002
20120 010024
20120 010080
20120 041304
20120 011248
20120 080072
20120 050001
20120 040022
20120 120003
20120 050234
20120 060013
20120 091229
20120 091419
20120 110035
20120 091416
20120 081246
20120 080027
20120 130204
20120 011246
20120 110025
20120 130027
20120 091333
20120 041267
20120 130102
20120 021256
20120 130175
20120 100039
20120 131247
20120 130014
20120 130085
20120 121122
20120 131125
20120 130046
20120 131143
20120 090050
20120 131139
20120 111247
20120 110013
20120 091328
20120 051355
20120 031257
20120 121347
20120 041252
20120 070004
20120 131157
20120 021245
20120 130210
20120 021263
20120 271588
20120 091135
20120 130071
20120 130098
20120 030020
20120 031244
20120 021249
20120 091146
20120 051247
20120 031264
20120 110008
20120 031297
20120 051270
20120 011247
20120 041254
20120 091223
20120 010067
20120 130203
20120 041260
20120 011260
20120 091248
20120 041250
20120 051358
20120 051251
20120 041247
20120 101213
20120 091424
20120 120022
20120 080007
20120 090009
20120 030024
20120 090202
20120 121287
20120 010085
20120 101251
20120 080034
20120 130072
20120 130128
20120 070005
20120 111345
20120 100049
20120 131230
20120 020029
20120 090198
20120 110011
20120 131213
20120 131255
20120 010215
20120 131246
20120 091326
20120 220175
20120 081245
20120 110042
20120 110041
20120 110006
20120 110005
20120 051248
20120 120008
20120 131130
20120 070009
20120 040053
20120 050020
20120 080008
20120 041303
20120 131158
20120 111594
20120 031282
20120 050215
20120 031250
20120 101123
20120 031279
20120 060019
20120 040180
20120 130178
20120 131258
20120 060016
20120 060214
20120 010218
20120 040033
20120 050045
20120 081247
20120 041253
20120 060010
20120 041259
20120 050224
20120 090216
20120 051359
20120 111377
20120 091219
20120 091123
20120 091127
20120 040021
20120 040188
20120 081248
20120 030040
20120 111342
20120 100035
20120 101421
20120 030046
20120 080017
20120 040067
20120 271581
20120 070001
20120 110028
20111 110190
20111 130186
20111 130190
20111 130195
20111 080065
20111 090041
20111 100005
20111 100029
20111 100050
20111 100063
20111 100071
20111 110029
20111 110043
20111 010053
20111 120009
20111 130040
20111 130078
20111 130084
20111 010084
20111 130212
20111 010103
20111 010108
20111 010109
20111 030014
20111 030035
20111 030038
20111 030042
20111 030053
20111 040047
20111 040065
20111 080009
20111 080015
20111 080024
20111 080041
20111 080046
20111 040072
20111 040080
20111 050013
20111 050024
20111 050044
20111 060005
20111 060012
20111 010009
20111 010012
20111 010013
20111 010017
20111 010039
20111 010077
20111 010081
20111 130184
20111 220173
20111 030163
20111 030183
20111 100038
20111 100059
20111 120019
20111 130033
20111 130074
20111 040035
20111 060009
20111 010043
20111 010048
20111 090182
20111 100177
20111 130079
20111 130198
20111 130199
20111 130114
20111 090010
20111 100001
20111 100007
20111 100010
20111 100012
20111 100013
20111 100023
20111 100041
20111 110007
20111 110021
20111 110037
20111 010058
20111 120001
20111 130013
20111 130025
20111 130028
20111 130117
20111 020019
20111 030021
20111 030025
20111 040019
20111 060015
20111 070008
20111 080022
20111 040079
20111 050026
20111 050029
20111 010046
20111 010052
20111 010062
20111 010064
20111 080172
20111 220174
20111 030165
20111 050175
20111 050177
20111 110016
20111 090192
20111 110177
20111 110179
20111 120002
20111 130011
20111 130051
20111 020014
20111 030026
20111 080023
20111 080045
20111 040174
20111 100186
20111 130088
20111 130192
20111 080059
20111 130138
20111 090039
20111 090047
20111 100020
20111 100026
20111 100042
20111 110030
20111 010074
20111 110054
20111 130042
20111 130053
20111 130119
20111 010079
20111 190174
20111 020264
20111 020015
20111 020037
20111 030045
20111 030047
20111 030051
20111 040009
20111 040013
20111 040020
20111 060021
20111 060023
20111 060026
20111 060039
20111 080019
20111 080028
20111 080043
20111 080054
20111 040071
20111 040084
20111 050008
20111 050028
20111 010003
20111 010005
20111 010008
20111 010025
20111 010049
20111 010065
20111 200174
20111 030164
20111 100085
20111 090193
20111 120013
20111 020025
20111 040038
20111 040051
20111 060035
20111 080042
20111 050017
20111 050030
20111 060006
20111 010029
20111 090185
20111 100183
20111 110181
20111 100066
20111 020009
20111 130173
20111 130174
20111 130180
20111 080058
20111 080061
20111 130101
20111 090042
20111 090046
20111 100034
20111 100036
20111 100058
20111 100076
20111 100082
20111 110010
20111 010063
20111 120012
20111 130032
20111 190001
20111 130206
20111 210173
20111 010106
20111 020016
20111 030008
20111 030062
20111 040003
20111 040031
20111 040039
20111 040057
20111 040061
20111 060022
20111 060037
20111 060045
20111 080001
20111 080003
20111 080011
20111 050002
20111 050003
20111 050010
20111 050021
20111 010001
20111 010091
20111 130181
20111 130194
20111 130197
20111 090022
20111 090024
20111 090032
20111 090045
20111 100051
20111 110036
20111 080176
20111 090180
20111 090181
20111 070168
20111 110185
20111 110047
20111 110049
20111 110055
20111 110065
20111 020020
20111 020028
20111 040001
20111 040059
20111 050011
20111 050014
20111 060011
20111 010045
20111 080078
20111 130136
20111 090034
20111 100014
20111 100065
20111 110031
20111 010068
20111 130012
20111 130036
20111 130052
20111 130087
20111 130116
20111 130118
20111 010107
20111 020008
20111 020022
20111 020026
20111 030003
20111 030022
20111 040011
20111 060042
20111 080020
20111 080044
20111 080051
20111 040075
20111 040083
20111 040087
20111 040098
20111 050047
20111 010002
20111 010015
20111 010022
20111 010056
20111 010088
20111 010097
20111 030173
20111 050180
20111 110166
20111 110180
20111 120024
20111 020023
20111 040007
20111 080002
20111 080016
20111 080021
20111 050049
20111 050051
20111 010035
20111 050176
20111 090173
20111 101472
20111 130183
20111 130188
20111 130193
20111 130204
20111 080082
20111 130112
20111 190002
20111 100004
20111 100033
20111 100053
20111 100068
20111 100084
20111 110024
20111 110026
20111 110027
20111 010061
20111 130015
20111 010100
20111 010104
20111 020003
20111 020030
20111 030032
20111 030043
20111 030049
20111 040002
20111 040022
20111 040025
20111 040026
20111 040044
20111 060030
20111 060031
20111 070003
20111 080031
20111 080036
20111 040069
20111 040088
20111 050052
20111 010007
20111 010023
20111 010034
20111 010075
20111 190173
20111 050178
20111 110014
20111 080175
20111 090200
20111 100179
20111 120010
20111 120021
20111 130003
20111 130035
20111 130041
20111 040062
20111 060046
20111 070010
20111 080010
20111 080026
20111 080050
20111 050025
20111 050027
20111 050033
20111 050035
20111 050043
20111 010040
20111 130176
20111 080080
20111 090009
20111 090013
20111 090030
20111 090036
20111 100011
20111 100022
20111 100039
20111 110013
20111 110023
20111 120011
20111 130027
20111 130100
20111 010098
20111 020007
20111 020024
20111 030027
20111 030028
20111 030058
20111 040008
20111 040045
20111 040058
20111 060020
20111 080007
20111 050039
20111 010020
20111 010036
20111 010060
20111 010078
20111 080076
20111 080079
20111 080081
20111 090019
20111 030179
20111 040173
20111 090040
20111 090048
20111 090050
20111 100040
20111 090174
20111 090189
20111 110039
20111 130014
20111 020031
20111 040040
20111 060041
20111 070004
20111 080053
20111 020001
20111 080063
20111 080073
20111 090020
20111 090049
20111 100016
20111 100025
20111 100047
20111 100049
20111 100074
20111 110015
20111 110017
20111 110018
20111 110028
20111 110034
20111 110050
20111 120014
20111 130034
20111 130073
20111 130129
20111 220175
20111 020032
20111 020035
20111 030036
20111 030039
20111 030041
20111 030048
20111 040048
20111 040053
20111 040066
20111 070001
20111 080039
20111 080055
20111 050012
20111 050031
20111 050037
20111 050042
20111 010018
20111 010028
20111 010073
20111 130178
20111 040188
20111 110167
20111 090198
20111 040021
20111 040067
20111 080005
20111 080008
20111 080032
20111 080047
20111 040180
